240	1.686734374	1.358334586
241	1.742693442	1.427228235
242	1.795195428	1.490881157
243	1.844498711	1.549895317
244	1.890830234	1.604755113
245	1.934389157	1.6558567
246	1.975350754	1.703528867
247	2.013869668	1.74804778
248	2.050083129	1.789648244
249	2.084113103	1.828531495
250	2.116068772	1.864871859
251	2.146048156	1.898821395
252	2.174139511	1.930513562
253	2.200422787	1.960066438
254	2.224970501	1.987584899
255	2.247848879	2.013162831
256	2.269118388	2.036884449
257	2.288834442	2.058825661
258	2.307048066	2.079055261
259	2.32380643	2.09763589
260	2.339152991	2.114624486
261	2.353128237	2.130073356
262	2.365769682	2.144030361
263	2.37711238	2.156539651
264	2.387189036	2.16764192
265	2.396030274	2.177374812
266	2.403664826	2.185773226
267	2.410119761	2.192869641
268	2.41542049	2.198694191
269	2.419591101	2.203275085
270	2.42265434	2.206638631
271	2.424631815	2.208809507
272	2.425543961	2.20981074
273	2.425410274	2.209664001
274	2.424249443	2.208389767
275	2.422079141	2.206007109
276	2.418916433	2.202534157
277	2.4147777	2.19798802
278	2.409678646	2.192384815
279	2.403634364	2.185739727
280	2.396659528	2.178067238
281	2.399755473	2.181473431
282	2.395925567	2.17725959
283	2.392044864	2.17298841
284	2.388117078	2.168663916
285	2.384145845	2.164290048
286	2.38013462	2.159870554
287	2.376086977	2.155409317
288	2.372006151	2.150909849
289	2.367895489	2.146375794
290	2.363758148	2.141810585
291	2.359597185	2.137217555
292	2.355415667	2.132600048
293	2.351216453	2.127961185
294	2.347002509	2.123304213
295	2.342776486	2.118632026
296	2.338541132	2.113947641
297	2.334299035	2.109253893
298	2.330052716	2.104553554
299	2.32580469	2.099849389
300	2.321557295	2.095143974
301	2.317312797	2.09043981
302	2.313073559	2.085739506
303	2.30884159	2.081045287
304	2.304619102	2.076359604
305	2.300408058	2.071684637
306	2.296210454	2.067022605
307	2.292028086	2.06237551
308	2.287862891	2.057745516
309	2.283716547	2.053134499
310	2.279590756	2.048544364
311	2.275487122	2.043976918
312	2.271407216	2.039433927
313	2.267352567	2.034917114
314	2.263324544	2.030428032
315	2.259324593	2.025968316
316	2.255353935	2.021539357
317	2.251413923	2.017142695
318	2.247505681	2.012779617
319	2.243630404	2.00845149
320	2.239789112	2.004159492
321	2.235982896	1.999904875
322	2.232212666	1.995688699
323	2.228479398	1.991512096
324	2.224783952	1.987376067
325	2.221127123	1.983281547
326	2.217509647	1.979229404
327	2.213932323	1.975220578
328	2.210395697	1.971255726
329	2.2069005	1.967335716
330	2.203447274	1.963461201
331	2.200036552	1.959632831
332	2.196668804	1.955851179
333	2.193344424	1.952116739
334	2.190063932	1.948430144
335	2.186827515	1.944791655
336	2.183635679	1.941201891
337	2.180488528	1.937661018
338	2.177386419	1.93416949
339	2.174329435	1.930727452
340	2.171317847	1.927335257
341	2.168351717	1.923993027
342	2.165431159	1.920700941
343	2.162556211	1.917459091
344	2.159726963	1.914267629
345	2.15694336	1.911126541
346	2.154205329	1.908035797
347	2.151512856	1.904995425
348	2.148865773	1.902005287
349	2.146264035	1.899065377
350	2.143707515	1.8961756
351	2.141195931	1.893335685
352	2.138729126	1.890545497
353	2.136306928	1.887804887
354	2.133929007	1.885113526
355	2.131595161	1.882471229
356	2.129305099	1.879877711
357	2.127058447	1.877332585
358	2.12485488	1.874835529
359	2.122694135	1.872386282
360	2.120575713	1.869984319
361	2.118499389	1.867629423
362	2.116464633	1.865321029
363	2.114471043	1.86305872
364	2.112518275	1.860842138
365	2.110605822	1.858670744
366	2.108733307	1.856544144
367	2.106900192	1.85446176
368	2.105105995	1.852423076
369	2.103350294	1.850427643
370	2.101632502	1.848474824
371	2.09995224	1.846564218
372	2.09830889	1.84469515
373	2.096702043	1.842867184
374	2.09513105	1.841079606
375	2.093595472	1.839331945
376	2.092094784	1.837623624
377	2.09062844	1.835954051
378	2.08919581	1.834322527
379	2.08779655	1.832728686
380	2.086429847	1.831171621
381	2.085095407	1.829651021
382	2.083792543	1.82816612
383	2.082520783	1.826716401
384	2.081279486	1.825301153
385	2.080068234	1.823919916
386	2.078886362	1.822571948
387	2.077733346	1.82125667
388	2.076608733	1.819973579
389	2.075511896	1.818721978
390	2.074442358	1.817501334
391	2.073399549	1.816311012
392	2.072382968	1.815150453
393	2.071392102	1.814019085
394	2.070426347	1.812916231
395	2.069485332	1.811841477
396	2.06856843	1.810794121
397	2.067675168	1.809773632
398	2.066805143	1.80877956
399	2.065957698	1.807811166
400	2.065132495	1.80686807
401	2.064328937	1.805949601
402	2.063546668	1.80505536
403	2.06278524	1.804184843
404	2.06204403	1.803337345
405	2.061322737	1.802512532
406	2.060620971	1.801709962
407	2.059938168	1.800928998
408	2.059273918	1.800169178
409	2.058627893	1.799430133
410	2.057999671	1.798711385
411	2.057388738	1.798012353
412	2.056794912	1.797332832
413	2.056217665	1.796672225
414	2.055656631	1.796030118
415	2.055111524	1.795406187
416	2.054581967	1.794800005
417	2.054067661	1.794211235
418	2.05356813	1.793639335
419	2.053083236	1.793084152
420	2.052612492	1.79254513
421	2.052155748	1.792022102
422	2.051712593	1.791514601
423	2.051282781	1.791022347
424	2.050866064	1.79054506
425	2.050462099	1.79008235
426	2.050070716	1.789634025
427	2.049691653	1.789199785
428	2.04932464	1.788779327
429	2.048969407	1.788372342
430	2.048625856	1.787978718
431	2.048293616	1.787598036
432	2.047972583	1.787230176
433	2.047662558	1.786874912
434	2.047363249	1.786531912
435	2.047074631	1.786201149
436	2.046796404	1.78588228
437	2.046528537	1.785575272
438	2.046270724	1.785279775
439	2.046022837	1.784995644
440	2.045784837	1.784722836
441	2.04555659	1.784461197
442	2.04533787	1.78421047
443	2.045128537	1.783970497
444	2.044928543	1.783741221
445	2.044737834	1.783522585
446	2.044556267	1.783314423
447	2.044383693	1.783116565
448	2.044220054	1.782928947
449	2.04406529	1.7827515
450	2.043919339	1.782584154
451	2.043782139	1.782426838
452	2.04365353	1.78227937
453	2.043533539	1.782141781
454	2.043422097	1.782013992
455	2.043319134	1.781895924
456	2.043224672	1.781787602
457	2.043138637	1.781688944
458	2.04306086	1.781599753
459	2.042991549	1.781520269
460	2.042930531	1.781450295
461	2.042877725	1.781389739
462	2.042833243	1.781338727
463	2.042797002	1.781297165
464	2.042769015	1.781265069
465	2.042749196	1.781242341
466	2.042737652	1.781229103
467	2.042734297	1.781225255
468	2.042739235	1.781230917
469	2.042752279	1.781245877
470	2.042773533	1.781270251
471	2.042803002	1.781304047
472	2.042840691	1.781347268
473	2.042886603	1.781399919
474	2.04294074	1.781462002
475	2.043003006	1.781533407
476	2.043073598	1.781614359
477	2.043152418	1.781704746
478	2.043239464	1.781804565
479	2.043334736	1.781913814
480	2.043438328	1.782032604
481	2.043550139	1.782160815
482	2.043670263	1.782298556
483	2.043798695	1.782445821
484	2.043935429	1.782602602
485	2.044080458	1.782768892
486	2.044233674	1.782944563
487	2.04439537	1.783129953
488	2.044565335	1.783324819
489	2.044743558	1.783529147
490	2.04493013	1.783743041
491	2.045125038	1.783966485
492	2.04532827	1.784199465
493	2.045539709	1.784441846
494	2.045759545	1.784693844
495	2.045987661	1.784955324
496	2.046224142	1.785226384
497	2.046468767	1.785506766
498	2.046721721	1.785796686
499	2.046982988	1.78609612
500	2.047252339	1.786404808
501	2.047530064	1.78672308
502	2.047815831	1.787050553
503	2.048109825	1.787387439
504	2.048411918	1.787733589
505	2.048722084	1.788088974
506	2.049040404	1.788453684
507	2.049366642	1.788827446
508	2.049700873	1.789210348
509	2.050043071	1.789602356
510	2.050393206	1.790003435
511	2.050751141	1.790413428
512	2.051116846	1.790832297
513	2.051490288	1.791260004
514	2.051871434	1.791696509
515	2.052260142	1.792141649
516	2.052656483	1.792595503
517	2.053060316	1.793057908
518	2.053471495	1.793528695
519	2.053889981	1.794007819
520	2.054315843	1.794495356
521	2.054748824	1.794991011
522	2.055188883	1.795494735
523	2.055636084	1.796006601
524	2.056090061	1.796526186
525	2.056550984	1.797053685
526	2.05701859	1.797588796
527	2.057492941	1.798131586
528	2.057973771	1.798681752
529	2.058461031	1.799239233
530	2.05895467	1.799803971
531	2.059454528	1.800375781
532	2.059960551	1.800954601
533	2.060472577	1.801540241
534	2.06099055	1.802132639
535	2.061514195	1.802731477
536	2.062043674	1.803336939
537	2.0625786	1.80394858
538	2.063119021	1.804566457
539	2.063664769	1.805190372
540	2.06421567	1.805820127
541	2.06477155	1.806455523
542	2.065332458	1.807096611
543	2.065898216	1.80774319
544	2.066468648	1.808395055
545	2.067043576	1.809052001
546	2.06762293	1.80971395
547	2.068206529	1.810380691
548	2.068794304	1.811052145
549	2.069386183	1.811728229
550	2.069981756	1.812408472
551	2.070581288	1.813093177
552	2.071184253	1.813781743
553	2.071790801	1.814474338
554	2.07240063	1.815170618
555	2.073013776	1.815870622
556	2.073629932	1.816574
557	2.074248906	1.81728053
558	2.074870845	1.817990381
559	2.075495439	1.818703197
560	2.076122492	1.819418754
561	2.076752035	1.820137087
562	2.077383754	1.820857836
563	2.078017793	1.821581167
564	2.078653722	1.822306587
565	2.079291568	1.823034127
566	2.079931244	1.823763686
567	2.080572546	1.824495031
568	2.081215383	1.82522806
569	2.08185955	1.825962537
570	2.082505187	1.826698621
571	2.083151853	1.827435811
572	2.083799689	1.828174265
573	2.084448483	1.828913743
574	2.085098143	1.829654138
575	2.085748572	1.830395341
576	2.086399674	1.831137242
577	2.087051353	1.831879732
578	2.087703395	1.832622565
579	2.088355935	1.833365897
580	2.089008759	1.834109483
581	2.089661766	1.834853209
582	2.090314975	1.835597095
583	2.090968167	1.836340894
584	2.091621478	1.837084758
585	2.09227457	1.837828304
586	2.092927576	1.838571684
587	2.093580395	1.839314783
588	2.094232923	1.840057482
589	2.094885177	1.8407998
590	2.09553717	1.841541754
591	2.09618868	1.842283089
592	2.09683984	1.84302396
593	2.097490426	1.843764109
594	2.098140692	1.844503825
595	2.098790291	1.845242717
596	2.099439477	1.845981072
597	2.100088025	1.846718634
598	2.100736188	1.847455692
599	2.101383619	1.84819185
600	2.102030692	1.848927535
601	2.102677059	1.849662352
602	2.103323097	1.850396728
603	2.103968455	1.851130265
604	2.104613389	1.851863255
605	2.105257913	1.852595714
606	2.105901918	1.853327518
607	2.106545663	1.854058961
608	2.107189039	1.854789919
609	2.107832059	1.855520409
610	2.10847486	1.856250585
611	2.109117456	1.856980464
612	2.109759984	1.857710201
613	2.110402459	1.858439813
614	2.111044896	1.859169317
615	2.111687431	1.85989887
616	2.112330205	1.860628629
617	2.112973232	1.861358612
618	2.113616529	1.862088836
619	2.114260359	1.8628196
620	2.114904738	1.863550925
621	2.115549683	1.864282827
622	2.116195584	1.865015751
623	2.11684221	1.865749432
624	2.117489828	1.866484174
625	2.11813858	1.867220138
626	2.11878861	1.867957487
627	2.119439937	1.868696243
628	2.120092832	1.869436711
629	2.120747313	1.870178913
630	2.121403527	1.870923014
631	2.122061619	1.871669179
632	2.122721864	1.872417718
633	2.123384155	1.873168511
634	2.124048895	1.873922012
635	2.124716105	1.874678246
636	2.125385935	1.875437382
637	2.126058535	1.876199588
638	2.126734183	1.87696518
639	2.127412776	1.877734038
640	2.12809472	1.878506624
641	2.128780168	1.879283109
642	2.129469017	1.880063375
643	2.130161678	1.880847887
644	2.130858176	1.881636672
645	2.131558795	1.882430051
646	2.132263561	1.883228052
647	2.13297276	1.884030996
648	2.13368642	1.884838915
649	2.134404697	1.885651985
650	2.135127878	1.886470529
651	2.135855993	1.887294578
652	2.13658933	1.888124457
653	2.137327789	1.888960052
654	2.13807179	1.889801836
655	2.138821232	1.890649694
656	2.139576408	1.891503953
657	2.140337477	1.892364794
658	2.141104472	1.893232252
659	2.141877554	1.894106506
660	2.142656756	1.894987592
661	2.14344237	1.895875838
662	2.14423443	1.89677128
663	2.145032967	1.897673952
664	2.145838145	1.898584037
665	2.146650129	1.899501717
666	2.147468819	1.90042688
667	2.148294379	1.901359708
668	2.149126975	1.902300385
669	2.149966639	1.903248946
670	2.150813404	1.904205425
671	2.151667171	1.905169708
672	2.152528237	1.906142127
673	2.153396501	1.907122569
674	2.154271997	1.908111066
675	2.155154757	1.909107652
676	2.15604468	1.910112212
677	2.15694193	1.911124928
678	2.157846406	1.912145683
679	2.15875814	1.91317451
680	2.159677028	1.914211291
681	2.160602968	1.915255906
682	2.161536123	1.916308538
683	2.162476122	1.917368765
684	2.163423129	1.918436768
685	2.164376902	1.919512275
686	2.165337471	1.920595315
687	2.16630473	1.921685766
688	2.167278301	1.9227832
689	2.168258211	1.923887645
690	2.169244486	1.924999128
691	2.170236612	1.926117066
692	2.171234612	1.927241485
693	2.172238376	1.928372257
694	2.173247384	1.929508795
695	2.174261795	1.930651277
696	2.175281087	1.931799112
697	2.176305146	1.932952169
698	2.177333855	1.934110316
699	2.178366689	1.93527296
700	2.179403392	1.936439812
701	2.180443846	1.937610737
702	2.181487521	1.938785137
703	2.182534295	1.939962874
704	2.183583773	1.941143501
705	2.184635692	1.942326725
706	2.18568938	1.943511787
707	2.186744848	1.944698699
708	2.187801418	1.945886699
709	2.188858963	1.947075643
710	2.189916801	1.948264765
711	2.190974801	1.949453918
712	2.192032279	1.950642333
713	2.193088962	1.951829705
714	2.19414444	1.953015571
715	2.19519816	1.954199314
716	2.196249568	1.955380312
717	2.197298387	1.956558254
718	2.19834406	1.957732516
719	2.199386165	1.958902628
720	2.200424004	1.960067805
721	2.201457431	1.961227886
722	2.202485603	1.962381928
723	2.203508231	1.963529609
724	2.204524748	1.964670294
725	2.205534722	1.965803502
726	2.206537441	1.966928438
727	2.207532612	1.968044774
728	2.208519657	1.969151866
729	2.209498138	1.970249228
730	2.210467335	1.971336054
731	2.211427087	1.972412169
732	2.21237667	1.973476762
733	2.213315638	1.97452934
734	2.214243544	1.975569405
735	2.21516008	1.976596616
736	2.216064513	1.977610156
737	2.216956674	1.978609839
738	2.217836108	1.979595161
739	2.218702217	1.980565457
740	2.219554971	1.981520696
741	2.220393625	1.98246005
742	2.221218145	1.983383485
743	2.22202807	1.984290489
744	2.22282322	1.985180865
745	2.223603273	1.986054257
746	2.224368047	1.986910468
747	2.225117361	1.987749298
748	2.225851175	1.988570706
749	2.226569306	1.989374493
750	2.227271569	1.990160456
751	2.22795821	1.990928875
752	2.228629044	1.991679547
753	2.229284318	1.992412751
754	2.229924133	1.993128606
755	2.230548737	1.993827392
756	2.231158378	1.994509391
757	2.231753305	1.995174884
758	2.232334057	1.995824477
759	2.23290103	1.996458617
760	2.233454911	1.997078075
761	2.233996102	1.997683304
762	2.234525584	1.998275403
763	2.235044055	1.998855155
764	2.235552505	1.999423667
765	2.236051781	1.999981892
766	2.236543175	2.000531273
767	2.237027835	2.001073096
768	2.237507062	2.001608817
769	2.237982455	2.002140222
770	2.238455472	2.002668945
771	2.238928019	2.003197113
772	2.239401716	2.00372654
773	2.23987863	2.004259533
774	2.240360985	2.004798579
775	2.240850866	2.005346005
776	2.241351104	2.005904975
777	2.241863952	2.006478003
778	2.24239241	2.00706844
779	2.242939343	2.007679481
780	2.243508071	2.008314832
781	2.244101776	2.008978044
782	2.244724101	2.00967318
783	2.245378848	2.010404479
784	2.246069831	2.011176195
785	2.246801475	2.011993257
786	2.247578067	2.012860444
787	2.248404207	2.013782878
788	2.249284955	2.014766192
789	2.250225532	2.015816198
790	2.251231025	2.016938553
791	2.252307575	2.018140088
792	2.253460741	2.019426976
793	2.254696836	2.020806231
794	2.256022633	2.02228537
795	2.25744476	2.023871747
796	2.258970304	2.025573212
797	2.260606951	2.027398281
798	2.262362089	2.029355125
799	2.264244154	2.031453073
800	2.266261274	2.033701099
801	2.265948268	2.033352294
802	2.266605244	2.034084397
803	2.267266104	2.034820775
804	2.267931166	2.035561784
805	2.268600147	2.036307105
806	2.269273366	2.037057095
807	2.269950538	2.037811436
808	2.270631682	2.038570145
809	2.271317118	2.03933358
810	2.272006561	2.040101422
811	2.272700026	2.040873688
812	2.273397837	2.041650736
813	2.274099554	2.042432075
814	2.274805499	2.043218064
815	2.275515537	2.044008551
816	2.276229836	2.044803724
817	2.27694811	2.04560326
818	2.277670681	2.046407518
819	2.278397259	2.047216176
820	2.279128015	2.048029421
821	2.279862965	2.04884727
822	2.280601972	2.049669572
823	2.281345053	2.050496343
824	2.282092378	2.05132777
825	2.282843655	2.05216353
826	2.283599209	2.053003982
827	2.284358748	2.053848799
828	2.285122287	2.054697999
829	2.285889997	2.05555177
830	2.286661584	2.056409784
831	2.287437373	2.057272402
832	2.28821707	2.058139295
833	2.289000845	2.059010653
834	2.289788559	2.059886318
835	2.290580226	2.060766307
836	2.291375862	2.061650636
837	2.292175482	2.062539318
838	2.292978944	2.063432198
839	2.293786263	2.064329291
840	2.294597454	2.065230611
841	2.295412531	2.066136173
842	2.296231352	2.06704582
843	2.297053931	2.067959564
844	2.297880281	2.068877422
845	2.298710418	2.069799407
846	2.299544197	2.070725359
847	2.300381632	2.071655293
848	2.301222736	2.072589222
849	2.302067524	2.07352716
850	2.30291585	2.074468947
851	2.303767728	2.075414595
852	2.30462317	2.076364119
853	2.305482189	2.077317531
854	2.306344483	2.078274494
855	2.307210378	2.079235372
856	2.308079573	2.080199826
857	2.308952078	2.081167869
858	2.309828064	2.082139689
859	2.310707226	2.083114948
860	2.311589576	2.084093657
861	2.312475284	2.085076003
862	2.313364202	2.086061823
863	2.314256182	2.087050952
864	2.315151237	2.088043403
865	2.316049377	2.089039185
866	2.316950612	2.090038311
867	2.317854795	2.091040614
868	2.318762094	2.092046283
869	2.319672043	2.093054797
870	2.320585129	2.094066699
871	2.321500884	2.095081467
872	2.322419478	2.096099289
873	2.32334076	2.097119998
874	2.3242649	2.098143781
875	2.325191588	2.099170293
876	2.326120992	2.100199721
877	2.327052962	2.101231898
878	2.327987347	2.102266655
879	2.328924476	2.103304356
880	2.329863876	2.104344478
881	2.330805717	2.105387207
882	2.331750007	2.106432551
883	2.332696593	2.107480343
884	2.333645484	2.108530589
885	2.334596688	2.109583299
886	2.335550051	2.110638302
887	2.336505582	2.111695606
888	2.337463126	2.112755041
889	2.338422852	2.113816793
890	2.339384607	2.114880692
891	2.340348236	2.115946565
892	2.341313907	2.117014599
893	2.342281466	2.118084622
894	2.34325092	2.119156642
895	2.344222113	2.120230486
896	2.345195052	2.121306161
897	2.346169743	2.122383675
898	2.34714603	2.123462852
899	2.348124082	2.124543882
900	2.349103743	2.125626589
901	2.350084855	2.1267108
902	2.351067425	2.127796521
903	2.352051457	2.128883759
904	2.353036959	2.129972518
905	2.354023771	2.131062626
906	2.3550119	2.132154087
907	2.356001351	2.133246907
908	2.356991964	2.13434091
909	2.357983746	2.135436102
910	2.358976866	2.136532671
911	2.359970835	2.137630076
912	2.360965987	2.138728686
913	2.361962163	2.139828324
914	2.362959201	2.140928814
915	2.363957273	2.142030343
916	2.364956217	2.143132732
917	2.365956037	2.144235987
918	2.366956573	2.145339931
919	2.367957828	2.146444566
920	2.368959807	2.147549899
921	2.369962514	2.148655933
922	2.370965786	2.149762489
923	2.371969628	2.150869572
924	2.372974043	2.151977185
925	2.373979034	2.153085333
926	2.374984439	2.154193837
927	2.375990261	2.155302699
928	2.376996338	2.15641174
929	2.378002838	2.157521147
930	2.379009599	2.15863074
931	2.380016622	2.159740522
932	2.381023912	2.160850497
933	2.382031303	2.161960483
934	2.383038966	2.163070668
935	2.38404657	2.164180687
936	2.385054283	2.165290727
937	2.38606194	2.166400605
938	2.387069713	2.16751051
939	2.388077434	2.16862026
940	2.38908494	2.169729672
941	2.390092232	2.170838749
942	2.391099479	2.171947678
943	2.392106516	2.173056277
944	2.393113345	2.174164548
945	2.394119799	2.175272307
946	2.395126048	2.176379743
947	2.396131757	2.177486486
948	2.397137265	2.17859291
949	2.398142236	2.179698645
950	2.399146671	2.180803694
951	2.400150741	2.181908242
952	2.401154277	2.183012107
953	2.402157112	2.184115105
954	2.403159416	2.185217421
955	2.40416119	2.186319059
956	2.405162266	2.187419833
957	2.406162645	2.188519745
958	2.407162158	2.189618609
959	2.408160975	2.190716613
960	2.409159097	2.191813759
961	2.410156355	2.19290986
962	2.411152579	2.194004731
963	2.412148111	2.195098747
964	2.41314278	2.196191721
965	2.414136417	2.197283468
966	2.415129021	2.198373988
967	2.416120594	2.199463281
968	2.417111306	2.200551536
969	2.418100815	2.201638379
970	2.419089293	2.202723997
971	2.420076569	2.203808204
972	2.421062813	2.204891187
973	2.422047856	2.205972759
974	2.423031695	2.207052921
975	2.424014333	2.208131673
976	2.424995767	2.209209014
977	2.425975827	2.210284758
978	2.426954683	2.211359092
979	2.427932164	2.212431828
980	2.42890827	2.213502967
981	2.429882999	2.214572507
982	2.430856351	2.215640449
983	2.431828327	2.216706794
984	2.432798924	2.21777154
985	2.433767971	2.218834499
986	2.434735638	2.21989586
987	2.435701754	2.220955433
988	2.436666316	2.222013217
989	2.437629325	2.223069213
990	2.438590779	2.22412342
991	2.439550678	2.225175838
992	2.440509021	2.226226466
993	2.441465633	2.227275114
994	2.442420686	2.228321972
995	2.443374181	2.229367038
996	2.444325769	2.230409932
997	2.44527597	2.231451225
998	2.446224261	2.232490343
999	2.447170815	2.233527478
1000	2.448115631	2.234562628
1001	2.449058707	2.235595793
1002	2.450000218	2.236627163
1003	2.450939638	2.237656164
1004	2.45187749	2.238683368
1005	2.452813423	2.239708393
1006	2.45374761	2.240731429
1007	2.454679877	2.241752283
1008	2.45561022	2.242770954
1009	2.456538814	2.243787634
1010	2.457465658	2.244802321
1011	2.458390399	2.245814631
1012	2.459313387	2.246824946
1013	2.460234445	2.247833073
1014	2.461153396	2.24883882
1015	2.462070589	2.249842569
1016	2.462985848	2.250844128
1017	2.463899171	2.251843494
1018	2.464810555	2.252840668
1019	2.465720001	2.253835647
1020	2.46662733	2.254828239
1021	2.467532716	2.255818633
1022	2.468436159	2.256806831
1023	2.469337656	2.257792829
1024	2.470237206	2.258776627
1025	2.47113463	2.259758031
1026	2.472030104	2.260737233
1027	2.472923449	2.261714037
1028	2.473814841	2.262688637
1029	2.474704277	2.26366103
1030	2.475591757	2.264631216
1031	2.476476923	2.265598806
1032	2.477360307	2.26656438
1033	2.478241551	2.267527549
1034	2.479120832	2.268488505
1035	2.47999797	2.269447054
1036	2.480873141	2.270403387
1037	2.481746165	2.27135731
1038	2.48261722	2.272309015
1039	2.483486124	2.273258306
1040	2.484353055	2.274205378
1041	2.485218011	2.275150228
1042	2.486080811	2.27609266
1043	2.486941633	2.277032869
1044	2.487800475	2.277970852
1045	2.488657156	2.278906413
1046	2.489511853	2.279839746
1047	2.490364387	2.280770655
1048	2.491214933	2.281699333
1049	2.492063491	2.282625779
1050	2.492910059	2.283549992
1051	2.493754456	2.284471774
1052	2.494596859	2.285391321
1053	2.495437267	2.28630863
1054	2.496275678	2.287223702
1055	2.497112091	2.288136533
1056	2.497946504	2.289047124
1057	2.498778915	2.289955473
1058	2.499609143	2.290861381
1059	2.500437546	2.291765241
1060	2.501263943	2.292666856
1061	2.502088331	2.293566223
1062	2.50291071	2.294463341
1063	2.503731259	2.295358407
1064	2.504549795	2.296251222
1065	2.505366316	2.297141785
1066	2.506180822	2.298030094
1067	2.506993491	2.298916345
1068	2.507804323	2.299800539
1069	2.508613134	2.300682476
1070	2.509419923	2.301562154
1071	2.510225052	2.302439969
1072	2.511028156	2.303315523
1073	2.511829415	2.304189014
1074	2.512628646	2.305060241
1075	2.513426213	2.305929601
1076	2.514221748	2.306796696
1077	2.515015616	2.307661922
1078	2.515807632	2.308525079
1079	2.516597796	2.309386167
1080	2.517386106	2.310245184
1081	2.518172561	2.311102128
1082	2.518957343	2.3119572
1083	2.51974045	2.312810398
1084	2.520521698	2.313661521
1085	2.521301087	2.314510568
1086	2.522078981	2.315357939
1087	2.522855012	2.316203232
1088	2.523629364	2.317046648
1089	2.524401851	2.317887984
1090	2.52517284	2.318727641
1091	2.525942146	2.319565417
1092	2.526709768	2.320401312
1093	2.527475889	2.321235526
1094	2.528240324	2.322067858
1095	2.529003073	2.322898307
1096	2.529764319	2.323727073
1097	2.530523876	2.324553954
1098	2.531281928	2.325379152
1099	2.532038475	2.326202665
1100	2.532793515	2.327024493
1101	2.533547049	2.327844636
1102	2.53429889	2.328662892
1103	2.535049408	2.329479664
1104	2.535798418	2.330294749
1105	2.536546103	2.331108349
1106	2.537292278	2.331920261
1107	2.538037129	2.332730689
1108	2.538780468	2.333539429
1109	2.539522481	2.334346682
1110	2.540262982	2.335152248
1111	2.541002343	2.335956529
1112	2.54174019	2.336759122
1113	2.542476897	2.337560431
1114	2.543212276	2.338360254
1115	2.543946326	2.339158591
1116	2.544679236	2.339955644
1117	2.545410817	2.34075121
1118	2.546141256	2.341545493
1119	2.546870366	2.34233829
1120	2.547598522	2.343130007
1121	2.548325349	2.343920238
1122	2.549051033	2.344709186
1123	2.549775575	2.345496852
1124	2.550499163	2.34628344
1125	2.551221609	2.347068746
1126	2.551942913	2.34785277
1127	2.552663263	2.348635718
1128	2.553382472	2.349417385
1129	2.554100915	2.35019818
1130	2.554818217	2.350977695
1131	2.555534566	2.351756135
1132	2.556249963	2.352533501
1133	2.556964407	2.353309792
1134	2.557677899	2.35408501
1135	2.558390629	2.354859361
1136	2.559102597	2.355632845
1137	2.559813425	2.356405052
1138	2.560523681	2.357176599
1139	2.561232987	2.357947076
1140	2.561941723	2.358716896
1141	2.562649511	2.359485646
1142	2.563356539	2.360253535
1143	2.564063	2.361020769
1144	2.564768514	2.361786936
1145	2.565473651	2.362552657
1146	2.566177843	2.363317312
1147	2.56688166	2.364081525
1148	2.567584723	2.36484488
1149	2.568287223	2.365607588
1150	2.568989161	2.366369648
1151	2.569690538	2.367131061
1152	2.570391356	2.36789183
1153	2.571091614	2.368651956
1154	2.571791505	2.369411646
1155	2.57249084	2.370170695
1156	2.573189811	2.370929312
1157	2.573888226	2.37168729
1158	2.57458628	2.372444839
1159	2.575283973	2.373201959
1160	2.575981306	2.373958654
1161	2.576678281	2.374714923
1162	2.577375092	2.375470977
1163	2.578071355	2.376226401
1164	2.578767456	2.376981614
1165	2.579463204	2.377736407
1166	2.580158794	2.378490992
1167	2.580854226	2.379245371
1168	2.581549503	2.379999545
1169	2.582244432	2.380753307
1170	2.582939209	2.381506867
1171	2.583633836	2.382260228
1172	2.584328506	2.383013602
1173	2.585023028	2.383766779
1174	2.585717405	2.384519763
1175	2.586411831	2.385272764
1176	2.587106115	2.386025576
1177	2.587800451	2.386778409
1178	2.588494649	2.387531057
1179	2.589189097	2.388283941
1180	2.58988341	2.389036642
1181	2.590577784	2.389789375
1182	2.591272415	2.39054235
1183	2.591966915	2.391295149
1184	2.592661677	2.392048196
1185	2.593356702	2.392801493
1186	2.594051798	2.393554832
1187	2.594746967	2.394308213
1188	2.595442405	2.395061852
1189	2.596138115	2.395815751
1190	2.596834099	2.396569911
1191	2.59753036	2.397324336
1192	2.598226704	2.398078815
1193	2.598923524	2.398833776
1194	2.599620628	2.399589008
1195	2.600318017	2.400344515
1196	2.601015693	2.401100297
1197	2.601713856	2.401856571
1198	2.602412508	2.40261334
1199	2.603111454	2.403370392
1200	2.603810894	2.404127944
1201	2.604510633	2.404885785
1202	2.605210871	2.40564413
1203	2.60591161	2.406402983
1204	2.606613049	2.40716256
1205	2.607314798	2.407922436
1206	2.608017055	2.408682827
1207	2.608720021	2.40944395
1208	2.609423501	2.410205595
1209	2.610127498	2.410967763
1210	2.610832013	2.411730458
1211	2.611537248	2.412493896
1212	2.612243205	2.41325808
1213	2.612949689	2.414022799
1214	2.613656901	2.414788271
1215	2.614364843	2.415554498
1216	2.615073518	2.416321483
1217	2.615782732	2.417089014
1218	2.616492883	2.417857524
1219	2.617203577	2.418626586
1220	2.617915214	2.419396633
1221	2.6186274	2.420167238
1222	2.619340535	2.420938834
1223	2.620054622	2.421711424
1224	2.620769266	2.422484581
1225	2.621484869	2.423258739
1226	2.622201233	2.424033685
1227	2.622918561	2.424809638
1228	2.623636857	2.4255866
1229	2.624355923	2.426364361
1230	2.625075962	2.427143137
1231	2.625796778	2.427922717
1232	2.626518574	2.42870332
1233	2.627241351	2.429484949
1234	2.627965114	2.430267607
1235	2.628689866	2.431051297
1236	2.629415609	2.431836024
1237	2.630142347	2.432621789
1238	2.630869882	2.433408379
1239	2.631598619	2.434196231
1240	2.63232836	2.434985132
1241	2.633059308	2.435775302
1242	2.633791066	2.43656631
1243	2.634524039	2.437358593
1244	2.635258027	2.438151937
1245	2.635993237	2.438946565
1246	2.636729268	2.439742042
1247	2.637466727	2.440539026
1248	2.638205014	2.441336867
1249	2.638944535	2.442136003
1250	2.639685292	2.442936439
1251	2.640427088	2.443737958
1252	2.641170128	2.444540784
1253	2.641914414	2.445344919
1254	2.642659748	2.446150147
1255	2.643406133	2.446956473
1256	2.644153976	2.447764337
1257	2.644902877	2.448573305
1258	2.645653041	2.449383598
1259	2.646404471	2.450195221
1260	2.647156967	2.451007958
1261	2.647910939	2.45182225
1262	2.648665985	2.452637661
1263	2.649422309	2.453454416
1264	2.650179915	2.454272516
1265	2.650938604	2.455091746
1266	2.651698785	2.455912549
1267	2.652460258	2.456734707
1268	2.653222823	2.457558005
1269	2.653986686	2.458382666
1270	2.654752055	2.459208912
1271	2.655518525	2.460036308
1272	2.656286507	2.460865297
1273	2.657055597	2.461695441
1274	2.657826001	2.462526964
1275	2.658597927	2.463360091
1276	2.65937097	2.464194383
1277	2.660145542	2.465030284
1278	2.660921236	2.465867357
1279	2.661698466	2.466706047
1280	2.662476824	2.467545914
1281	2.663256725	2.468387405
1282	2.66403776	2.46923008
1283	2.664820345	2.470074385
1284	2.66560407	2.470919881
1285	2.66638935	2.471767013
1286	2.667175777	2.472615341
1287	2.667963766	2.473465313
1288	2.668753114	2.47431671
1289	2.669543618	2.475169313
1290	2.670335693	2.476023569
1291	2.671129137	2.476879259
1292	2.671923746	2.477736165
1293	2.672719935	2.478594733
1294	2.673517296	2.479454523
1295	2.674316244	2.480315983
1296	2.67511637	2.48117867
1297	2.675917882	2.48204281
1298	2.676720783	2.482908406
1299	2.677525078	2.483775462
1300	2.678330769	2.48464398
1301	2.679137859	2.485513964
1302	2.679946143	2.486385193
1303	2.68075604	2.487258118
1304	2.681567137	2.488132294
1305	2.682379646	2.489007948
1306	2.68319336	2.489884858
1307	2.6840087	2.490763477
1308	2.684825043	2.491643135
1309	2.685643017	2.492524506
1310	2.686462209	2.493407147
1311	2.68728283	2.494291283
1312	2.688104882	2.495176919
1313	2.688927952	2.496063607
1314	2.689752667	2.496952024
1315	2.690578615	2.497841725
1316	2.691405797	2.498732711
1317	2.692234425	2.499625212
1318	2.693064293	2.500519003
1319	2.693895612	2.501414314
1320	2.694727968	2.502310697
1321	2.695561991	2.50320883
1322	2.696397055	2.50410804
1323	2.697233373	2.505008556
1324	2.698071156	2.505910605
1325	2.698910198	2.506813966
1326	2.699750502	2.507718639
1327	2.70059207	2.508624629
1328	2.701434905	2.509531937
1329	2.702278799	2.510440341
1330	2.703124175	2.511350296
1331	2.703970826	2.512261577
1332	2.704818544	2.513173961
1333	2.705667752	2.514087903
1334	2.706518032	2.515002954
1335	2.707369387	2.515919116
1336	2.708222028	2.516836617
1337	2.70907596	2.51775546
1338	2.709931184	2.518675648
1339	2.710787492	2.519596957
1340	2.711644886	2.520519389
1341	2.71250358	2.521443173
1342	2.713363366	2.522368085
1343	2.714224244	2.523294126
1344	2.71508643	2.524221528
1345	2.715949503	2.525149837
1346	2.716813887	2.526079511
1347	2.717679374	2.527010324
1348	2.718545966	2.527942279
1349	2.719413664	2.528875378
1350	2.720282473	2.529809624
1351	2.721152181	2.53074479
1352	2.722023215	2.531681335
1353	2.722895153	2.532618805
1354	2.723767997	2.533557203
1355	2.724642173	2.534496986
1356	2.725517259	2.5354377
1357	2.726393258	2.536379348
1358	2.727270384	2.53732216
1359	2.728148425	2.53826591
1360	2.729027598	2.539210828
1361	2.729907478	2.54015646
1362	2.730788493	2.541103263
1363	2.731670432	2.542051013
1364	2.732553298	2.54299971
1365	2.733437091	2.543949357
1366	2.734321814	2.544899956
1367	2.735207469	2.545851508
1368	2.736094058	2.546804016
1369	2.736981369	2.547757252
1370	2.737869617	2.548711447
1371	2.738758805	2.549666604
1372	2.73964872	2.550622494
1373	2.740539364	2.55157912
1374	2.741430953	2.552536712
1375	2.742323274	2.553495043
1376	2.743216543	2.554454345
1377	2.744110334	2.555414159
1378	2.745005076	2.556374947
1379	2.745900558	2.55733648
1380	2.74679678	2.558298761
1381	2.747693531	2.559261561
1382	2.748591239	2.560225342
1383	2.749489478	2.561189644
1384	2.750388465	2.5621547
1385	2.7512882	2.563120512
1386	2.75218847	2.56408685
1387	2.753089276	2.565053715
1388	2.753990836	2.566021341
1389	2.754892935	2.566989498
1390	2.75579579	2.567958418
1391	2.756699187	2.568927871
1392	2.757602912	2.569897628
1393	2.758507397	2.570868153
1394	2.759412429	2.571839216
1395	2.760318008	2.572810818
1396	2.76122392	2.573782729
1397	2.762130598	2.574755414
1398	2.763037611	2.57572841
1399	2.763944961	2.576701719
1400	2.764852864	2.577675574
1401	2.765761323	2.578649975
1402	2.766670122	2.579624694
1403	2.767579261	2.58059973
1404	2.768488743	2.581575085
1405	2.769398784	2.582550992
1406	2.77030917	2.58352722
1407	2.771219684	2.584503538
1408	2.772130762	2.585480412
1409	2.77304197	2.586457378
1410	2.773953743	2.587434902
1411	2.774865649	2.58841252
1412	2.775777688	2.589390232
1413	2.776690079	2.590368274
1414	2.777602822	2.591346645
1415	2.778515701	2.592325115
1416	2.779428716	2.593303683
1417	2.780342087	2.594282583
1418	2.781255597	2.595261585
1419	2.782169245	2.596240688
1420	2.783083034	2.597219893
1421	2.783996963	2.598199201
1422	2.784911034	2.599178614
1423	2.785825247	2.600158132
1424	2.786739386	2.601137521
1425	2.787653668	2.602117018
1426	2.788568095	2.603096621
1427	2.789482448	2.604076099
1428	2.790396948	2.605055686
1429	2.791311376	2.606035149
1430	2.792225951	2.607014722
1431	2.793140455	2.607994172
1432	2.794054889	2.6089735
1433	2.794969254	2.609952706
1434	2.795883549	2.610931792
1435	2.796797776	2.611910757
1436	2.797711935	2.612889602
1437	2.798626026	2.613868328
1438	2.799539831	2.614846701
1439	2.80045357	2.615824955
1440	2.801367242	2.616803092
1441	2.802280849	2.617781113
1442	2.803193951	2.618758547
1443	2.804107208	2.6197361
1444	2.805019961	2.620713067
1445	2.80593265	2.62168992
1446	2.806845056	2.622666423
1447	2.807757398	2.623642812
1448	2.808669237	2.624618617
1449	2.809580794	2.625594074
1450	2.810492289	2.626569418
1451	2.811403281	2.627544178
1452	2.812313992	2.628518592
1453	2.81322442	2.629492658
1454	2.814134347	2.630466142
1455	2.815043993	2.631439279
1456	2.815953357	2.632412071
1457	2.81686222	2.63338428
1458	2.817770803	2.634356145
1459	2.818678663	2.635327191
1460	2.819586463	2.636298129
1461	2.820493542	2.637268249
1462	2.82140034	2.638238025
1463	2.822306637	2.639207221
1464	2.823212433	2.640175836
1465	2.824117728	2.64114387
1466	2.825022522	2.642111324
1467	2.825926593	2.643077961
1468	2.826830385	2.644044256
1469	2.827733676	2.64500997
1470	2.828636244	2.645974867
1471	2.82953831	2.646939185
1472	2.830439654	2.647902686
1473	2.831340496	2.648865607
1474	2.832240837	2.649827949
1475	2.833140455	2.650789474
1476	2.834039349	2.651750182
1477	2.834937741	2.652710311
1478	2.835835409	2.653669623
1479	2.836732353	2.654628118
1480	2.837628795	2.655586033
1481	2.83852429	2.656542894
1482	2.839419283	2.657499175
1483	2.840313551	2.658454639
1484	2.841207093	2.659409285
1485	2.84209991	2.660363114
1486	2.842992002	2.661316126
1487	2.843883144	2.662268081
1488	2.844773783	2.663219457
1489	2.845663472	2.664169776
1490	2.846552435	2.665119278
1491	2.847440447	2.666067722
1492	2.848327955	2.667015587
1493	2.849214512	2.667962394
1494	2.850100117	2.668908144
1495	2.850984994	2.669853074
1496	2.851869143	2.670797186
1497	2.852752339	2.67174024
1498	2.853634582	2.672682234
1499	2.854516095	2.673623409
1500	2.855396654	2.674563525
1501	2.856276258	2.675502581
1502	2.857155132	2.676440817
1503	2.858033051	2.677377993
1504	2.858910014	2.678314109
1505	2.85978602	2.679249164
1506	2.860661295	2.680183398
1507	2.861535388	2.68111633
1508	2.862408748	2.682048441
1509	2.863280925	2.68297925
1510	2.864152368	2.683909236
1511	2.865022628	2.68483792
1512	2.865892153	2.685765781
1513	2.866760718	2.686692579
1514	2.867628097	2.687618072
1515	2.868494515	2.688542502
1516	2.869359972	2.689465867
1517	2.870224466	2.690388167
1518	2.871087999	2.691309402
1519	2.871950568	2.692229571
1520	2.872811948	2.693148434
1521	2.873672363	2.69406623
1522	2.874531814	2.69498296
1523	2.875390074	2.695898381
1524	2.876247595	2.696812976
1525	2.877103923	2.697726262
1526	2.877959058	2.698638238
1527	2.878813226	2.699549145
1528	2.879666425	2.700458984
1529	2.88051843	2.701367511
1530	2.881369466	2.702274968
1531	2.882219533	2.703181355
1532	2.883068403	2.704086429
1533	2.883916302	2.704990432
1534	2.884763003	2.705893121
1535	2.885608732	2.706794738
1536	2.886453262	2.707695041
1537	2.887296819	2.708594271
1538	2.888139176	2.709492185
1539	2.888980558	2.710389025
1540	2.889820739	2.711284548
1541	2.890659944	2.712178997
1542	2.891498173	2.71307237
1543	2.892334971	2.713964183
1544	2.89317102	2.714855162
1545	2.894005864	2.715744822
1546	2.894839502	2.716633163
1547	2.895672161	2.717520425
1548	2.896503613	2.718406367
1549	2.897334085	2.719291231
1550	2.898163348	2.720174772
1551	2.898991631	2.721057235
1552	2.899818704	2.721938374
1553	2.900644794	2.722818434
1554	2.901469674	2.723697169
1555	2.90229357	2.724574823
1556	2.903116254	2.725451152
1557	2.903937953	2.726326399
1558	2.904758439	2.72720032
1559	2.905577939	2.728073159
1560	2.906396453	2.728944914
1561	2.907213751	2.729815341
1562	2.908029833	2.73068444
1563	2.908844927	2.731552454
1564	2.909659032	2.732419383
1565	2.910472149	2.733285227
1566	2.911284047	2.73414974
1567	2.912094955	2.735013167
1568	2.912904642	2.735875263
1569	2.913713338	2.736736271
1570	2.914521043	2.737596192
1571	2.915327525	2.738454779
1572	2.916133245	2.739312524
1573	2.916937741	2.740168934
1574	2.917741013	2.741024009
1575	2.918543521	2.74187824
1576	2.919344804	2.742731136
1577	2.920145321	2.743583186
1578	2.920944613	2.7444339
1579	2.921742907	2.745283522
1580	2.922540205	2.746132052
1581	2.923336505	2.74697949
1582	2.924131576	2.74782559
1583	2.924925879	2.748670842
1584	2.925719183	2.749515001
1585	2.926511488	2.750358066
1586	2.927302793	2.751200036
1587	2.928093097	2.752040912
1588	2.9288824	2.752880693
1589	2.929670933	2.753719625
1590	2.930458232	2.754557215
1591	2.931244761	2.755393955
1592	2.932030286	2.756229598
1593	2.93281504	2.757064392
1594	2.93359879	2.757898088
1595	2.934381536	2.758730686
1596	2.935163277	2.759562187
1597	2.935944245	2.760392836
1598	2.93672444	2.761222634
1599	2.937503396	2.762051086
1600	2.938281811	2.762878933
1601	2.939059218	2.76370568
1602	2.939835851	2.764531575
1603	2.940611476	2.76535637
1604	2.941386326	2.766180312
1605	2.9421604	2.767003401
1606	2.942933465	2.767825388
1607	2.943705987	2.76864677
1608	2.944477499	2.76946705
1609	2.945248235	2.770286477
1610	2.946018193	2.771105049
1611	2.946787374	2.771922767
1612	2.947555777	2.77273963
1613	2.948323636	2.773555887
1614	2.949090483	2.774371041
1615	2.949856551	2.77518534
1616	2.950622075	2.775999033
1617	2.95138682	2.77681187
1618	2.952150786	2.777623852
1619	2.952914206	2.778435227
1620	2.953676848	2.779245747
1621	2.954438709	2.780055411
1622	2.955200025	2.780864468
1623	2.955960561	2.781672669
1624	2.956720551	2.782480263
1625	2.957479995	2.783287251
1626	2.958238658	2.784093382
1627	2.958996776	2.784898907
1628	2.959754348	2.785703825
1629	2.960511138	2.786507886
1630	2.961267618	2.787311591
1631	2.962023316	2.788114439
1632	2.962778468	2.78891668
1633	2.963533309	2.789718565
1634	2.964287368	2.790519594
1635	2.965041117	2.791320266
1636	2.965794084	2.792120081
1637	2.96654674	2.792919541
1638	2.967298851	2.793718395
1639	2.96805065	2.794516893
1640	2.968801904	2.795314785
1641	2.969552612	2.796112071
1642	2.97030301	2.796909003
1643	2.971052861	2.797705328
1644	2.971802403	2.7985013
1645	2.9725514	2.799296666
1646	2.973300087	2.800091678
1647	2.974048464	2.800886336
1648	2.974796533	2.801680641
1649	2.975544293	2.802474593
1650	2.976291508	2.80326794
1651	2.977038415	2.804060934
1652	2.97778525	2.804853828
1653	2.978531541	2.805646118
1654	2.979277524	2.806438056
1655	2.980023436	2.807229894
1656	2.980769042	2.808021382
1657	2.98151434	2.808812518
1658	2.982259333	2.809603304
1659	2.983004256	2.810393992
1660	2.983748873	2.81118433
1661	2.984493422	2.811974571
1662	2.985237666	2.812764463
1663	2.985981843	2.813554259
1664	2.986725715	2.814343706
1665	2.987469521	2.815133058
1666	2.98821326	2.815922316
1667	2.988956696	2.816711226
1668	2.989700305	2.817500295
1669	2.990443611	2.818289018
1670	2.991186853	2.819077649
1671	2.991930031	2.819866187
1672	2.992673146	2.820654633
1673	2.993416198	2.821442988
1674	2.994159188	2.822231252
1675	2.994902355	2.82301968
1676	2.995645221	2.823807765
1677	2.996388266	2.824596014
1678	2.997131251	2.825384175
1679	2.997874415	2.826172501
1680	2.99861752	2.826960741
1681	2.999360566	2.827748893
1682	3.000103793	2.828537214
1683	3.000846963	2.829325449
1684	3.001590316	2.830113854
1685	3.002333852	2.830902428
1686	3.003077332	2.831690919
1687	3.003820996	2.832479581
1688	3.004564846	2.833268415
1689	3.005308882	2.834057423
1690	3.006052864	2.834846349
1691	3.006797274	2.835635704
1692	3.007541632	2.83642498
1693	3.008286178	2.837214432
1694	3.009030914	2.83800406
1695	3.009776081	2.83879412
1696	3.010521197	2.839584103
1697	3.011266747	2.840374521
1698	3.012012488	2.841165118
1699	3.012758423	2.841955896
1700	3.013504551	2.842746855
1701	3.014250874	2.843537996
1702	3.014997634	2.844329575
1703	3.015744589	2.845121338
1704	3.016491983	2.845913541
1705	3.017239574	2.846705929
1706	3.017987364	2.847498504
1707	3.018735594	2.848291521
1708	3.019484267	2.849084982
1709	3.020233139	2.849878632
1710	3.020982456	2.850672727
1711	3.021731974	2.851467013
1712	3.022481938	2.852261746
1713	3.023232106	2.85305667
1714	3.02398272	2.853852044
1715	3.024733782	2.854647868
1716	3.025485293	2.855444144
1717	3.026237253	2.856240871
1718	3.026989422	2.857037795
1719	3.027742042	2.857835172
1720	3.028495114	2.858633004
1721	3.029248639	2.859431293
1722	3.030002618	2.860230037
1723	3.03075681	2.861028983
1724	3.0315117	2.861828644
1725	3.032267048	2.862628765
1726	3.033022609	2.863429089
1727	3.03377863	2.864229875
1728	3.034535353	2.865031381
1729	3.035292294	2.865833092
1730	3.03604994	2.866635525
1731	3.036807804	2.867438166
1732	3.037566375	2.868241532
1733	3.038325411	2.869045364
1734	3.039084668	2.869849407
1735	3.039844635	2.870654177
1736	3.040605069	2.871459417
1737	3.04136597	2.872265128
1738	3.042127341	2.873071311
1739	3.042889182	2.873877968
1740	3.043651737	2.874685356
1741	3.04441452	2.875492961
1742	3.045177776	2.876301042
1743	3.045941749	2.877109859
1744	3.046706197	2.877919153
1745	3.047470876	2.878728667
1746	3.048236276	2.87953892
1747	3.049002153	2.880349653
1748	3.049768507	2.881160868
1749	3.050535586	2.881972825
1750	3.051302901	2.882785006
1751	3.052070695	2.883597671
1752	3.052839217	2.884411081
1753	3.053607976	2.885224718
1754	3.054377465	2.886039102
1755	3.055147192	2.886853714
1756	3.05591765	2.887669074
1757	3.056688349	2.888484665
1758	3.057459781	2.889301007
1759	3.058231455	2.890117581
1760	3.059003863	2.890934907
1761	3.059776516	2.891752467
1762	3.060549659	2.892570521
1763	3.061323294	2.89338907
1764	3.062097422	2.894208116
1765	3.062872042	2.895027659
1766	3.063647157	2.8958477
1767	3.064422521	2.89666798
1768	3.06519838	2.897488759
1769	3.065974736	2.898310039
1770	3.066751589	2.89913182
1771	3.067528695	2.899953843
1772	3.068306299	2.900776369
1773	3.069084403	2.901599399
1774	3.069862762	2.902422674
1775	3.070641375	2.903246192
1776	3.071420737	2.904070479
1777	3.072200109	2.90489475
1778	3.072979984	2.905719529
1779	3.073760364	2.906544817
1780	3.074540755	2.907370092
1781	3.075321652	2.908195878
1782	3.076103057	2.909022175
1783	3.076884474	2.909848461
1784	3.077666399	2.910675259
1785	3.078448338	2.911502047
1786	3.079230788	2.91232935
1787	3.0800135	2.913156906
1788	3.080796475	2.913984716
1789	3.081579715	2.91481278
1790	3.082362972	2.915640837
1791	3.083146741	2.916469412
1792	3.083930529	2.91729798
1793	3.084714583	2.918126806
1794	3.085498656	2.918955627
1795	3.086282996	2.919784706
1796	3.087067604	2.920614044
1797	3.087852233	2.921443378
1798	3.088636882	2.92227271
1799	3.089421801	2.923102302
1800	3.090206742	2.923931892
1801	3.090991704	2.92476148
1802	3.091776938	2.925591331
1803	3.092561946	2.926420918
1804	3.093347226	2.927250768
1805	3.09413228	2.928080355
1806	3.094917607	2.928910206
1807	3.09570271	2.929739795
1808	3.096487837	2.930569386
1809	3.097272989	2.931398978
1810	3.098057917	2.93222831
1811	3.098842871	2.933057643
1812	3.099627601	2.933886717
1813	3.100412108	2.934715529
1814	3.101196641	2.935544346
1815	3.101980951	2.936372902
1816	3.102765288	2.937201463
1817	3.103549153	2.9380295
1818	3.104333045	2.938857542
1819	3.105116464	2.939685061
1820	3.105899662	2.940512321
1821	3.106682637	2.941339322
1822	3.107465391	2.942166065
1823	3.108247672	2.942992285
1824	3.109029731	2.943818247
1825	3.109811318	2.944643686
1826	3.110592433	2.945468602
1827	3.111373326	2.94629326
1828	3.112153747	2.947117396
1829	3.112933695	2.947941009
1830	3.113713171	2.948764099
1831	3.114492426	2.949586932
1832	3.115270705	2.950408712
1833	3.116048763	2.951230234
1834	3.116826349	2.952051234
1835	3.11760321	2.952871445
1836	3.118379346	2.953690868
1837	3.119155009	2.954509769
1838	3.119930199	2.955328146
1839	3.120704412	2.956145468
1840	3.121478152	2.956962267
1841	3.122251165	2.957778277
1842	3.123023453	2.958593498
1843	3.123795014	2.959407929
1844	3.124565596	2.960221304
1845	3.125335704	2.961034154
1846	3.126104832	2.961845948
1847	3.12687298	2.962656685
1848	3.127640653	2.963466898
1849	3.128407092	2.964275786
1850	3.129172803	2.965083882
1851	3.129937531	2.96589092
1852	3.130701531	2.966697166
1853	3.131464294	2.967502085
1854	3.132226075	2.968305945
1855	3.132987124	2.969109011
1856	3.133746936	2.96991075
1857	3.134505764	2.970711427
1858	3.135263352	2.971510775
1859	3.136020208	2.972309329
1860	3.136775571	2.973106285
1861	3.137530199	2.973902445
1862	3.138283334	2.974697007
1863	3.139035479	2.975490504
1864	3.139786382	2.976282669
1865	3.140536295	2.977073769
1866	3.141284711	2.977863267
1867	3.142031881	2.97865143
1868	3.14277806	2.979438527
1869	3.143522739	2.98022402
1870	3.14426617	2.981008176
1871	3.145008353	2.981790996
1872	3.145749034	2.982572209
1873	3.146488465	2.983352084
1874	3.147226645	2.98413062
1875	3.14796332	2.984907547
1876	3.148698742	2.985683133
1877	3.149432658	2.986457109
1878	3.150165319	2.987229743
1879	3.150896217	2.988000497
1880	3.151626114	2.988770175
1881	3.152354244	2.989537971
1882	3.153080863	2.990304153
1883	3.153806223	2.991068988
1884	3.154530069	2.991832208
1885	3.155252145	2.992593541
1886	3.15597296	2.993353525
1887	3.156692258	2.99411189
1888	3.157410038	2.994868636
1889	3.158126042	2.995623491
1890	3.158840783	2.996376994
1891	3.159554002	2.997128875
1892	3.160265444	2.997878862
1893	3.160975362	2.998627225
1894	3.161684011	2.999374233
1895	3.16239088	3.000119344
1896	3.163096222	3.000862828
1897	3.163800037	3.001604683
1898	3.164502067	3.002344639
1899	3.165202824	3.003083235
1900	3.165902051	3.0038202
1901	3.16659949	3.004555263
1902	3.167295396	3.005288692
1903	3.167990025	3.006020758
1904	3.168682863	3.006750919
1905	3.169374423	3.007479714
1906	3.170064189	3.008206602
1907	3.170752674	3.008932123
1908	3.171439364	3.009655734
1909	3.172124771	3.010377976
1910	3.172808637	3.011098578
1911	3.173491219	3.01181781
1912	3.174172259	3.012535399
1913	3.174851755	3.013251345
1914	3.175529965	3.013965918
1915	3.176206886	3.014679118
1916	3.176882261	3.015390671
1917	3.177556347	3.01610085
1918	3.178229142	3.016809652
1919	3.178900904	3.01751735
1920	3.179571117	3.018223399
1921	3.180240036	3.018928069
1922	3.180907921	3.019631633
1923	3.181574511	3.020333817
1924	3.182240064	3.021034894
1925	3.182904581	3.021734861
1926	3.18356806	3.02243372
1927	3.184230501	3.023131469
1928	3.184891902	3.023828108
1929	3.185552265	3.024523637
1930	3.186212105	3.0252186
1931	3.186870905	3.025912452
1932	3.187528924	3.026605465
1933	3.18818616	3.027297638
1934	3.188842614	3.027988973
1935	3.189498804	3.028680013
1936	3.190154212	3.029370214
1937	3.190809095	3.030059848
1938	3.191463456	3.030748915
1939	3.192117552	3.031437689
1940	3.192771384	3.03212617
1941	3.193425212	3.032814631
1942	3.194078517	3.033502526
1943	3.194731819	3.034190402
1944	3.195385117	3.034878259
1945	3.196038673	3.035566372
1946	3.196692227	3.036254468
1947	3.197346039	3.036942821
1948	3.198000111	3.037631431
1949	3.198654703	3.038320574
1950	3.199309816	3.03901025
1951	3.199965711	3.039700734
1952	3.20062213	3.040391754
1953	3.201279334	3.041083585
1954	3.201937584	3.041776502
1955	3.202596621	3.042470233
1956	3.203256968	3.043165327
1957	3.203918628	3.043861786
1958	3.204581862	3.044559887
1959	3.205246149	3.045259082
1960	3.205912276	3.045960197
1961	3.206580245	3.046663235
1962	3.207250056	3.047368196
1963	3.207921975	3.04807536
1964	3.208596003	3.048784726
1965	3.209272142	3.0494963
1966	3.209950918	3.050210632
1967	3.210632335	3.050927726
1968	3.211316394	3.051647585
1969	3.212003361	3.052370487
1970	3.2126935	3.053096711
1971	3.213387078	3.053826536
1972	3.214083834	3.054559689
1973	3.214784034	3.055296448
1974	3.215488207	3.056037371
1975	3.216196357	3.05678246
1976	3.216908486	3.057531719
1977	3.217625125	3.058285704
1978	3.218346277	3.059044419
1979	3.219072209	3.059808146
1980	3.219802926	3.060576887
1981	3.220538694	3.061350924
1982	3.221280045	3.062130815
1983	3.222026983	3.062916564
1984	3.222779513	3.063708176
1985	3.223538167	3.06450621
1986	3.224303212	3.065310947
1987	3.225074655	3.066122393
1988	3.225852763	3.066940829
1989	3.226637807	3.067766539
1990	3.227430319	3.068600082
1991	3.228230304	3.069441464
1992	3.22903777	3.07029069
1993	3.229853513	3.071148599
1994	3.230677539	3.072015196
1995	3.231510383	3.072891042
1996	3.232351788	3.073775867
1997	3.233202552	3.074670509
1998	3.234062681	3.075574975
1999	3.234932712	3.076489826
2000	3.23581265	3.077415069
